[
	[
		[ 1, 11 ],
		[ 1, 15 ],
		[ 2, 11 ],
		[ 2, 15 ],
		[ 3, 11 ],
		[ 3, 15 ],
		[ 4, 11 ],
		[ 4, 12 ],
		[ 4, 13 ],
		[ 4, 14 ],
		[ 4, 15 ],
		[ 5, 11 ],
		[ 5, 15 ],
		[ 6, 11 ],
		[ 6, 15 ],
		[ 7, 11 ],
		[ 7, 15 ]
	],
	[
		[ 0, 31 ],
		[ 0, 32 ],
		[ 0, 33 ],
		[ 0, 34 ],
		[ 1, 31 ],
		[ 2, 31 ],
		[ 3, 31 ],
		[ 3, 32 ],
		[ 3, 33 ],
		[ 4, 31 ],
		[ 5, 31 ],
		[ 6, 31 ],
		[ 7, 31 ],
		[ 7, 32 ],
		[ 7, 33 ],
		[ 7, 34 ]
	],
	[
		[ 1, 51 ],
		[ 2, 51 ],
		[ 3, 51 ],
		[ 4, 51 ],
		[ 5, 51 ],
		[ 6, 51 ],
		[ 7, 51 ],
		[ 7, 52 ],
		[ 7, 53 ]
	],
	[
		[ 1, 71 ],
		[ 2, 71 ],
		[ 3, 71 ],
		[ 4, 71 ],
		[ 5, 71 ],
		[ 6, 71 ],
		[ 7, 71 ],
		[ 7, 72 ],
		[ 7, 73 ]
	],
	[
		[ 1, 92 ],
		[ 1, 93 ],
		[ 1, 94 ],
		[ 2, 91 ],
		[ 2, 95 ],
		[ 3, 91 ],
		[ 3, 95 ],
		[ 4, 91 ],
		[ 4, 95 ],
		[ 5, 91 ],
		[ 5, 95 ],
		[ 6, 91 ],
		[ 6, 95 ],
		[ 7, 92 ],
		[ 7, 93 ],
		[ 7, 94 ]
	]
]